region,quarter,actual,pred_prob,pred_label
24,1,0.0,0.153726495832403,0
